6-23 1000 4.8223 207.37
6-23 1000 4.8223 207.37
6-24 6000 4.6274 1296.62
6-25 1000 4.7108 212.28
6-26 1000 4.8961 204.24
6-29 4000 4.7041 850.32
6-29 4000 4.7041 850.32
6-30 2000 4.6641 428.81
6-30 4000 4.6641 857.61
7-1 1000 4.8473 206.30
7-2 4000 4.7436 843.24
7-2 2000 4.7436 421.62
7-3 10000 4.4062 2269.53
7-3 4000 4.4062 907.81
7-6 1000 4.4534 224.55 
7-7 4000 4.3200 925.93
7-8 3000 4.2691 702.72
7-9 2000 4.1675 479.90
7-10 1000 4.3849 228.06
7-13 1000 4.1766 239.43
7-13 2000 4.1766 478.86
7-13 1000 4.1766 239.43
7-14 4000 3.9928 1001.80
7-16 4000 4.0951 976.78
7-17 4000 3.9554 1011.28
7-20 4000 3.6268 1102.90
7-21 4000 3.5938 1113.03
7-23 4000 3.7116 1077.70
7-27 4000 3.5936 1113.09
7-29 4000 3.3870 1180.99
7-31 2000 3.1357 637.82
- 8-03 2000 3.3026 637.82
8-4 2000 3.2642 612.71
- 8-5 2000 3.4897 612.71
- 8-5 4000 3.4897 1180.99
- 8-6 4000 3.5407 1113.09
8-11 4000 3.5424 1129.18
- 8-13 4000 3.6673 1129.18
8-14 2000 3.6697 545.00
- 8-17 2000 3.6920 545.00
- 8-18 4000 3.8335 1077.70
8-19 4000 3.7839 1057.11
8-20 4000 3.4893 1146.36
8-21 2000 3.5127 569.36
- 8-24 2000 3.6102 569.36
- 8-24 4000 3.6102 1146.36
8-25 4000 3.4578 1156.80
- 8-28 4000 3.5798 1156.80
9-2 2000 3.5201 568.17
9-2 2000 3.5201 568.17
9-7 4000 3.3998 1176.54
- 9-8 4000 3.6417 1176.54
9-9 2000 3.6153 553.20 
- 9-10 2000 3.6072 568.17
- 9-10 2000 3.6072 553.20
- 9-10 2000 3.6072 568.17
9-15 4000 3.5067 1140.67
- 9-17 4000 3.5837 1140.67
9-18 2000 3.5994 555.65
- 9-21 2000 3.6800 555.65


